finn4fun:
  ==: org.bukkit.Location
  world: world
  x: -485.929874844268
  y: 72.79673560066871
  z: -195.13890325908739
  pitch: 29.849958
  yaw: -119.40111
